202610930 
202876718 
203082998 
203083616 
203318214 
203337814 
203343161 
203377650 
203382255  
203385048 
203410665 
203417549 
203429083 
203440253 
203465909 
203542463 
203559274 
203637940 
203649927 
203664569    
203690414 
203703016 
203710077 
203712588 
203716389 
203725791 
203749770 
203750883 
203770366 
203770559 
203770673 
203774126 
203785905 
203786695 
203789325 
203789507 
203791768 
203794605 
203797163 
203801323 
203806628 
203810851 
203822485 
203822946 
203824153 
203826403 
203833873 
203837701 
203842632 
203843009 
203843911 
203848625 
203848661 
203849739 
203850058 
203850605 
203851860 
203852282 
203856109 
203856244 
203860592 
203862309 
203863066 
203864032 
203867167 
203870022 
203870058 
203876897 
203877533 
203881373 
203881640 
203887087 
203889938 
203891751 
203892903 
203895738 
203895983 
203896277 
203899786 
203904213 
203905576 
203905625 
203905980 
203912674 
203913804 
203914960  
203915424 
203916376 
203919315 
203920354 
203923185 
203924502 
203925443 
203927902 
203928175 
203929332 
203930599 
203931628 
203933268 
203934728 
203935537 
203936815 
203937317 
203938167 
203938591 
203941868 
203943710 
203945512 
203947305 
203953466 
203954898 
203955457 
203956650  
203962599 
203969672 
203969721 
203971352 
203972079 
203981774 
203982074 
203987773 
203995761 
204078097 
204107757 
204108293 
204130613 
204137184 
204142243 
204147776 
204160652 
204176565 
204181799 
204182919 
204187094   
204193996 
204226548 
204231861 
204233955 
204239132 
204245509 
204248645 
204250417 
204256494 
204262368 
204274536 
204274743 
204277211 
204278916 
204281210 
204290918 
204317053 
204329690 
204342099 
204344180 
204347422 
204347824 
204360645 
204365840 
204372172 
204388640 
204395393 
204397408 
204398857 
204399980 
204401119 
204409463 
204413641 
204428864 
204434363 
204435866 
204440603 
204447221 
204449274 
204467371 
204467584 
204469637 
204472612 
204487447 
204489514 
204495624 
204496657 
204501712 
204508462 
204512343 
204530046 
204538777 
204565982 
204578601 
204584778 
204602441 
204607034 
204615647 
204630363 
204637622 
204638512 
204651122 
204662993 
204757338 
204769599 
204776782 
204807722 
204810161 
204811478 
204817605 
204830786 
204832936 
204856535 
204860656 
204864076 
204870258 
204871202 
204871862 
204874314 
204894208 
204906020 
204908189 
204932990 
204933717 
204939243 
204940701 
204964091 
204982702 
205000676 
205008727 
205024407 
205037578 
205038557 
205051240 
205061092 
205063210 
205064383 
205068630 
205080616 
205088645 
205092303 
205110000 
205115701 
205145188 
205151387 
205152244 
205154017 
205156547 
205158239 
205160565  
205164892 
205164999 
205165965 
205179845 
205182200 
205198363 
205208701 
205218826 
205238942 
205241182 
205249328  
205345560 
205364526 
205366676 
205375290 
205383125 
205519771 
210282528 
203604427 
203950167 
204211116 
204268916 
204360807 
204408707 
204514546 
205684783 
210282534 
204161056 
204187469 
204206295 
204951022 
204449389 
204611292 
203893434 
203893891 
203912136 
203917608 
203926424 
203946909 
204094503 
204397879 
204581550 
205086621 
205091879 
